1 4763
2 11
3 9
4 13
5 7
6 10
7 7
8 7
9 8
10 10
11 6
12 7
13 9
14 7
15 7
16 7
17 12
18 6
19 6
20 7
21 8
22 7
23 8
24 7
25 6
26 9
27 14
28 5
29 8
30 6
31 10
32 6
33 7
34 9
35 5
36 7
37 8
38 11
39 12
40 2
41 15
42 9
43 7
44 7
45 6
46 7
47 9
48 7
49 8
50 7
51 7
52 5
53 7
54 8
55 7
56 9
57 6
58 7
59 6
60 8
61 11
62 6
63 5
64 2
65 5
66 10
67 7
68 6
69 5
70 10
71 5
72 8
73 8
74 12
75 4
76 5
77 4
78 8
79 5
80 6
81 6
82 8
83 6
84 6
85 6
86 6
87 8
88 6
89 8
90 2
91 7
92 5
93 4
94 25
95 6
96 7
97 6
98 6
99 6
100 5
101 7
102 7
103 6
104 7
105 11
106 7
107 7
108 5
109 6
110 6
111 7
112 9
113 6
114 6
115 7
116 8
117 7
118 6
119 7
120 7
121 6
122 7
123 9
124 7
125 7
126 6
127 7
128 8
129 7
130 8
131 6
132 7
133 6
134 6
135 9
136 7
137 6
138 6
139 5
140 8
141 5
142 7
143 7
144 7
145 6
146 6
147 8
148 17
149 7
150 6
151 2
152 3
153 3
154 3
155 7
156 6
157 7
158 7
159 4
160 5
161 6
162 3
163 5
164 7
165 6
166 8
167 6
168 1
169 7
170 5
171 9
172 5
173 7
174 7
175 6
176 7
177 7
178 12
179 5
180 6
181 6
182 6
183 6
184 9
185 6
186 5
187 5
188 6
189 7
190 7
191 10
192 7
193 7
194 5
195 6
196 9
197 5
198 6
199 1
200 8
Average query time: 30.592039800995025